BEGIN FORMAT
    Format = Ascii
    Length_Unit = M
    XAxis = East
    Scale = 1
    No_Fractures = 200
    No_TessFractures = 0
    No_Nodes = 831
    No_RockBlocks = 0
    No_NodesRockBlock = 0
    No_Properties = 3
END FORMAT

BEGIN PROPERTIES
    Prop1    =    (Real*4)"Permeability"
    Prop2    =    (Real*4)"Compressibility"
    Prop3    =    (Real*4)"Aperture"
END PROPERTIES

BEGIN SETS
    Set1    =    "DFN1"
END SETS

BEGIN FRACTURE
    1    5    1    85.410107    3.40282e+38    0.000001
    1    435231.384647    6479495.376064    3050.473915
    2    435305.338815    6479556.310052    3084.119533
    3    435165.988460    6479437.019367    3031.791548
    4    435329.971257    6479553.809348    3151.730146
    5    435185.592704    6479424.935322    3110.575461
    0    -0.682730    0.677434    0.273794
    2    4    1    36281003.724105    3.40282e+38    0.000655
    1    434100.593752    6478790.957027    3119.749678
    2    434120.487872    6478794.935405    3196.352481
    3    434020.011457    6478613.776472    3095.406283
    4    434039.712319    6478619.594734    3167.929983
    0    -0.899938    0.379894    0.213989
    3    4    1    7881063.573488    3.40282e+38    0.000306
    1    436013.953674    6477483.880129    3353.671464
    2    436005.082794    6477469.328694    3406.679106
    3    436056.574663    6477606.128515    3361.078668
    4    436048.666965    6477593.956810    3412.336011
    0    0.940923    -0.332064    0.066308
    4    4    1    38504406.884279    3.40282e+38    0.000675
    1    435762.564933    6479665.173934    3285.660651
    2    435782.009621    6479663.028133    3333.697694
    3    435674.769900    6479578.093532    3283.191547
    4    435694.363166    6479576.906516    3329.434804
    0    -0.675308    0.672248    0.303384
    5    5    1    978718.856833    3.40282e+38    0.000108
    1    435723.865511    6479269.405028    3095.648893
    2    435758.389629    6479252.771564    3100.810456
    3    435585.346864    6479309.058018    3107.807867
    4    435757.322156    6479210.142164    3153.008271
    5    435588.040866    6479264.123012    3161.166761
    0    0.266719    0.743786    0.612897
    6    4    1    22574267.982632    3.40282e+38    0.000517
    1    436211.892563    6479467.090075    3161.859363
    2    436161.868441    6479303.622698    3150.104872
    3    436179.564012    6479468.645084    3196.777788
    4    436119.848258    6479297.624297    3192.310739
    0    0.702212    -0.262480    0.661818
    7    4    1    20288065.943776    3.40282e+38    0.000490
    1    435181.041446    6479692.015961    3106.976067
    2    435176.754338    6479671.329833    3145.981770
    3    435084.828633    6479731.665681    3110.957266
    4    435081.744152    6479710.444316    3149.981736
    0    0.353145    0.809907    0.468337
    8    4    1    30688970.262429    3.40282e+38    0.000603
    1    434216.453528    6478799.782927    2982.679737
    2    434157.977268    6479031.988518    3062.573279
    3    434230.746557    6478819.494813    3044.896344
    4    434161.437913    6479038.746471    3079.759501
    0    -0.891374    -0.331014    0.309649
    9    4    1    11596063.317887    3.40282e+38    0.000371
    1    436050.102715    6478414.860984    2964.875386
    2    436008.168513    6478397.790612    3010.251711
    3    436010.533495    6478570.766700    2974.389099
    4    435971.001919    6478544.109215    3019.211102
    0    0.701736    0.135420    0.699449
    10    4    1    5594837.983787    3.40282e+38    0.000257
    1    433598.272315    6477538.505943    3446.056693
    2    433597.914798    6477525.453109    3408.064143
    3    433473.237355    6477621.915005    3428.273808
    4    433476.381395    6477607.502394    3393.565550
    0    -0.560380    -0.781662    0.273823
    11    4    1    11861869.004511    3.40282e+38    0.000375
    1    435329.104827    6479212.919879    3185.390297
    2    435321.263100    6479208.188670    3137.691375
    3    435226.177572    6479159.034880    3170.241869
    4    435221.992011    6479156.396929    3136.405197
    0    0.462399    -0.886592    0.011922
    12    4    1    57576122.431125    3.40282e+38    0.000826
    1    434300.996552    6479127.944420    3118.157799
    2    434293.603044    6479051.619989    3186.254142
    3    434073.605179    6479179.382503    3145.213411
    4    434067.033370    6479103.949851    3212.283278
    0    0.231353    0.635106    0.736964
    13    4    1    2543141.782129    3.40282e+38    0.000174
    1    435840.015276    6479026.781598    3136.319712
    2    435862.205530    6479044.714769    3113.257158
    3    435892.025688    6478887.947637    3156.512421
    4    435923.177221    6478906.890825    3126.694658
    0    0.547661    0.317744    0.774020
    14    4    1    7524278.995251    3.40282e+38    0.000299
    1    435305.481898    6477250.901516    3252.066075
    2    435293.291983    6477262.771573    3315.833035
    3    435457.423530    6477195.724470    3265.125454
    4    435453.335765    6477204.732845    3330.290497
    0    -0.347488    -0.931562    0.106981
    15    4    1    35006996.854791    3.40282e+38    0.000644
    1    435637.385170    6478714.154099    2844.344185
    2    435421.149800    6478667.732250    2814.481818
    3    435619.733855    6478739.310812    2875.875675
    4    435405.691540    6478701.840811    2856.268925
    0    0.073631    -0.759073    0.646828
    16    4    1    52679463.907262    3.40282e+38    0.000790
    1    434860.094294    6479802.590829    3302.713485
    2    434835.620891    6479778.103662    3209.252301
    3    434665.337618    6479662.889801    3309.492219
    4    434656.118262    6479648.948899    3210.117550
    0    0.583198    -0.810145    0.059547
    17    4    1    82393708.729994    3.40282e+38    0.000988
    1    435631.981033    6479368.444622    3260.216090
    2    435625.194496    6479349.124652    3319.367876
    3    435514.325608    6479474.922996    3253.199797
    4    435513.193256    6479448.991654    3316.184067
    0    0.628812    0.714959    0.305662
    18    4    1    54144117.112368    3.40282e+38    0.000801
    1    434384.392952    6479986.288918    3152.427725
    2    434584.140604    6479875.180565    3135.234891
    3    434396.136663    6479963.733176    3234.720498
    4    434593.888522    6479852.794733    3222.587623
    0    0.490254    0.855890    0.164630
    19    4    1    18241234.525603    3.40282e+38    0.000465
    1    435203.383977    6478896.541979    2841.024696
    2    435383.504816    6479025.256959    2894.182451
    3    435230.244950    6478888.916680    2903.818518
    4    435390.244253    6479022.601954    2911.455001
    0    -0.610894    0.711279    0.347692
    20    4    1    24572723.605690    3.40282e+38    0.000539
    1    435858.695817    6478830.077433    3134.900015
    2    435868.245939    6478846.114693    3101.867109
    3    435913.600968    6478758.143069    3137.126383
    4    435923.607949    6478772.976503    3104.820534
    0    0.696194    0.545813    0.466265
    21    4    1    33075022.253757    3.40282e+38    0.000626
    1    435885.364691    6477921.816238    3033.858175
    2    435778.127954    6477754.598510    3023.956856
    3    435852.130622    6477937.674151    3106.899929
    4    435741.024808    6477762.448270    3094.420422
    0    0.741123    -0.501699    0.446134
    22    4    1    5308713.538218    3.40282e+38    0.000251
    1    435568.390425    6479376.171172    3114.658027
    2    435805.455762    6479270.778856    3142.928345
    3    435572.476079    6479350.213843    3204.780710
    4    435813.142168    6479254.797863    3190.494530
    0    0.369999    0.897067    0.241602
    23    4    1    41870473.377025    3.40282e+38    0.000704
    1    435983.137757    6478636.533759    2946.282154
    2    436051.170368    6478409.485736    2927.344868
    3    435959.967438    6478616.840992    2988.643215
    4    436022.750082    6478399.101377    2974.207113
    0    0.817516    0.199913    0.540094
    24    5    1    43356014.148162    3.40282e+38    0.000717
    1    435932.046388    6478715.887163    2938.906377
    2    435944.506978    6478673.600786    2936.660336
    3    435887.973751    6478855.589005    2951.659002
    4    435912.595753    6478648.355252    3007.513342
    5    435858.092114    6478828.150049    3019.857733
    0    0.855075    0.227211    0.466071
    25    4    1    81017340.965384    3.40282e+38    0.000980
    1    434027.893076    6477512.584752    3159.060383
    2    434052.116490    6477516.446809    3236.566830
    3    433947.294239    6477323.336417    3159.062802
    4    433974.096613    6477332.775910    3237.268050
    0    -0.888670    0.378478    0.258881
    26    4    1    9178124.796434    3.40282e+38    0.000330
    1    434247.799203    6478041.468568    2898.069736
    2    434248.078050    6478282.659878    2917.942806
    3    434278.731022    6478061.127017    2979.764050
    4    434279.265208    6478301.226553    3000.211925
    0    -0.932530    -0.028581    0.359960
    27    4    1    16796880.632006    3.40282e+38    0.000446
    1    436058.141122    6479648.934164    3260.205238
    2    436011.110613    6479645.394710    3336.191608
    3    436070.668281    6479869.708812    3276.228274
    4    436026.852793    6479861.100143    3346.144072
    0    0.848945    -0.086015    0.521434
    28    4    1    42408395.444274    3.40282e+38    0.000709
    1    435219.945043    6479845.226702    3387.136721
    2    435206.900182    6479835.126253    3328.561805
    3    435072.753886    6479848.820079    3407.724143
    4    435062.027907    6479839.076942    3351.224446
    0    -0.000281    -0.985446    0.169989
    29    4    1    46257315.416080    3.40282e+38    0.000740
    1    434905.926358    6479673.657869    3131.068533
    2    434913.553138    6479672.459800    3195.842387
    3    434765.666903    6479584.693127    3101.838322
    4    434785.191693    6479590.869969    3170.890654
    0    -0.545713    0.834175    0.079684
    30    4    1    2544848.440425    3.40282e+38    0.000174
    1    435848.012454    6478389.959087    2883.446404
    2    435809.165932    6478355.985494    2966.846321
    3    435840.659220    6478605.110601    2888.090882
    4    435801.086207    6478593.578958    2971.890067
    0    0.902883    0.021590    0.429345
    31    6    1    23519.700670    3.40282e+38    0.000017
    1    434680.232182    6479220.886240    3230.648311
    2    434659.284575    6479241.124588    3144.215831
    3    434716.202079    6479240.397954    3232.347048
    4    434850.038449    6479355.921959    3122.607428
    5    434830.105059    6479309.602615    3217.668282
    6    434884.967391    6479345.644926    3203.272751
    0    -0.464935    0.830371    0.307114
    32    5    1    51740565.122336    3.40282e+38    0.000783
    1    434744.796828    6478437.341790    2866.657776
    2    434835.320609    6478458.127058    2860.279948
    3    434761.659544    6478409.456058    2904.015558
    4    434884.613755    6478465.137146    2862.036058
    5    434894.181840    6478430.445279    2906.135791
    0    -0.131266    0.765115    0.630372
    33    4    1    150120.680417    3.40282e+38    0.000042
    1    434149.852849    6478435.157203    3154.605991
    2    434146.932598    6478431.614844    3105.610974
    3    433942.860547    6478331.434536    3175.180998
    4    433936.853175    6478325.981872    3117.878944
    0    0.450666    -0.891900    0.037624
    34    4    1    30178543.805085    3.40282e+38    0.000598
    1    435260.656620    6478580.022677    2860.872185
    2    435210.144276    6478631.722871    2947.266660
    3    435498.267085    6478692.758709    2848.061132
    4    435442.020660    6478738.840029    2931.559851
    0    0.361780    -0.691456    0.625303
    35    4    1    5128595.088843    3.40282e+38    0.000246
    1    434413.051422    6478749.425715    2967.551863
    2    434530.617091    6478569.468012    2945.560892
    3    434384.807548    6478724.024994    3018.703901
    4    434496.924773    6478540.269563    3005.843870
    0    0.709236    0.391716    0.586125
    36    4    1    26187708.850028    3.40282e+38    0.000557
    1    434945.214697    6479764.532923    3254.534891
    2    434958.545725    6479762.858730    3310.153252
    3    434804.374482    6479701.030310    3244.622563
    4    434824.735562    6479701.867383    3305.420880
    0    -0.415119    0.900913    0.126618
    37    4    1    22456202.699216    3.40282e+38    0.000516
    1    434745.596713    6478866.299121    3210.714301
    2    434756.803230    6478860.196873    3146.766824
    3    434830.293965    6478620.680972    3151.070447
    4    434838.401907    6478612.682826    3112.413612
    0    0.946183    0.292795    0.137874
    38    6    1    13378799.322303    3.40282e+38    0.000398
    1    434767.046290    6479143.534894    3186.840722
    2    434743.580897    6479154.703023    3145.686826
    3    434797.065354    6479161.415380    3192.115129
    4    434856.133029    6479244.210642    3132.374871
    5    434839.504173    6479195.277138    3186.930666
    6    434876.128574    6479232.072808    3171.303460
    0    -0.509089    0.712069    0.483514
    39    4    1    2841154.420162    3.40282e+38    0.000183
    1    433702.628258    6477155.449313    3135.573562
    2    433812.166647    6477202.364014    3132.294648
    3    433711.705776    6477145.948329    3162.905382
    4    433825.109159    6477193.434171    3161.746083
    0    -0.348898    0.843207    0.408989
    40    5    1    35271078.949953    3.40282e+38    0.000646
    1    434429.605499    6477495.750721    3145.995150
    2    434433.212433    6477490.894891    3137.785570
    3    434356.091872    6477495.285331    3185.532695
    4    434354.569233    6477474.483493    3159.631104
    5    434338.015421    6477491.731826    3190.835060
    0    0.317892    -0.748276    0.582261
    41    4    1    43387523.100833    3.40282e+38    0.000717
    1    434076.298171    6478668.691835    2982.342686
    2    434214.058385    6478664.697359    2970.179829
    3    434076.491594    6478644.382776    3005.097087
    4    434216.448642    6478637.397578    2995.482789
    0    0.083956    0.681319    0.727156
    42    4    1    7887656.699529    3.40282e+38    0.000306
    1    435969.222277    6478485.593472    2971.073411
    2    435971.718733    6478440.460213    3046.050501
    3    435759.833161    6478577.993493    2946.887989
    4    435769.148692    6478527.155615    3027.224915
    0    0.306056    0.820107    0.483482
    43    4    1    79694326.138217    3.40282e+38    0.000972
    1    435789.327598    6477516.728394    3179.647229
    2    435841.332884    6477694.044206    3160.182763
    3    435790.057480    6477501.689552    3232.313447
    4    435843.838624    6477685.693877    3210.270614
    0    -0.952258    0.289823    0.095956
    44    4    1    58829339.325673    3.40282e+38    0.000835
    1    435980.705891    6478887.806787    2999.029397
    2    435920.213745    6478690.872230    2926.809706
    3    435947.083792    6478901.754442    3047.506471
    4    435873.395217    6478706.112867    2991.311040
    0    0.680688    -0.427300    0.595044
    45    4    1    12889211.365011    3.40282e+38    0.000391
    1    435729.815222    6477742.401392    2977.942998
    2    435705.921329    6477750.073922    3006.280046
    3    435791.874285    6477821.303565    2987.984802
    4    435767.603039    6477829.246258    3016.895466
    0    0.572267    -0.529774    0.625979
    46    4    1    41987609.634254    3.40282e+38    0.000705
    1    434792.864997    6479062.466925    2947.894782
    2    434790.459999    6479076.271173    2988.621564
    3    434857.167612    6478987.648517    2952.241204
    4    434858.014522    6478997.348113    2991.995437
    0    -0.752079    -0.636422    0.171302
    47    4    1    1348856.022735    3.40282e+38    0.000126
    1    436058.405407    6479071.947487    3127.334136
    2    436247.525132    6478995.463190    3109.130759
    3    436052.635932    6479040.781372    3167.101416
    4    436242.406157    6478969.703171    3142.199511
    0    0.347018    0.713070    0.609188
    48    4    1    31229665.286919    3.40282e+38    0.000608
    1    433845.299494    6478134.004928    2984.498116
    2    433894.207093    6478104.252130    3060.071658
    3    433698.859282    6477954.034108    3002.254206
    4    433758.288113    6477938.800131    3075.111207
    0    -0.592682    0.541118    0.596590
    49    4    1    25498436.117925    3.40282e+38    0.000550
    1    436283.761782    6479201.344083    3194.420935
    2    436273.412737    6479187.382414    3286.392459
    3    436260.390968    6479420.431987    3201.096283
    4    436250.715955    6479402.330114    3291.127947
    0    0.986778    0.101411    0.126431
    50    4    1    41396086.816163    3.40282e+38    0.000700
    1    434880.824919    6477457.656944    3038.680351
    2    434629.635952    6477433.254601    3040.684265
    3    434866.745425    6477487.180786    3099.014238
    4    434604.428073    6477468.573461    3114.511538
    0    0.089716    -0.886177    0.454579
    51    4    1    69016351.477320    3.40282e+38    0.000904
    1    434194.201171    6479159.685385    3191.896813
    2    434219.184511    6479122.255962    3244.108284
    3    434038.855659    6479078.994373    3189.171802
    4    434070.215177    6479047.637810    3238.659377
    0    -0.358811    0.668789    0.651134
    52    5    1    13340119.878832    3.40282e+38    0.000397
    1    434825.018996    6478743.508302    3184.065910
    2    434823.668979    6478737.483249    3156.180973
    3    434816.139782    6478766.550426    3192.132873
    4    434789.730043    6478817.503798    3162.411134
    5    434790.326841    6478828.276711    3199.514257
    0    -0.909201    -0.395701    0.129516
    53    3    1    58517235.002433    3.40282e+38    0.000832
    1    436508.759850    6478270.289534    3338.615272
    2    436496.422825    6478171.519984    3355.314108
    3    436479.288027    6478167.335438    3370.627748
    0    0.659657    0.044448    0.750251
    54    4    1    32337155.938019    3.40282e+38    0.000619
    1    435308.633798    6477153.114077    3464.107917
    2    435325.882269    6477177.571190    3376.036958
    3    435552.526068    6477205.828714    3457.265867
    4    435558.126945    6477228.856319    3364.924543
    0    -0.199759    0.953505    0.225664
    55    4    1    24798.132876    3.40282e+38    0.000017
    1    435296.738617    6477128.492711    3373.025933
    2    435293.173841    6477134.481134    3453.702571
    3    435512.184592    6477094.260576    3381.355575
    4    435499.589819    6477101.431431    3457.921988
    0    -0.159070    -0.985053    0.066089
    56    4    1    11912553.658918    3.40282e+38    0.000376
    1    434398.769221    6480026.779550    3381.223181
    2    434398.456666    6480033.373933    3346.110878
    3    434506.529677    6479927.405664    3384.766976
    4    434504.814469    6479937.471026    3337.487956
    0    0.669715    0.730917    0.131311
    57    4    1    1030238.000503    3.40282e+38    0.000110
    1    435742.235459    6477748.043128    2983.959298
    2    435706.239606    6477758.174315    3039.682443
    3    435840.036092    6477899.744488    2992.459461
    4    435796.944062    6477904.645788    3052.720037
    0    0.695433    -0.478385    0.536210
    58    4    1    26545115.272788    3.40282e+38    0.000561
    1    434048.337260    6479282.126639    3338.885713
    2    434044.144323    6479304.118604    3276.428478
    3    434264.028592    6479229.360417    3313.800409
    4    434258.583586    6479250.593117    3254.687844
    0    0.259634    0.916217    0.305181
    59    4    1    11610386.438569    3.40282e+38    0.000371
    1    436312.243729    6477995.476299    3141.605560
    2    436057.307095    6477963.030162    3125.729170
    3    436294.617379    6478053.750932    3204.559806
    4    436042.368669    6478009.720753    3176.228239
    0    0.049680    -0.725977    0.685922
    60    5    1    1918125.230582    3.40282e+38    0.000151
    1    436295.017726    6478977.946641    3256.623182
    2    436282.440985    6478991.145580    3260.362237
    3    436400.721247    6478874.069364    3218.994844
    4    436303.165357    6479028.870516    3201.915299
    5    436424.485072    6478898.685028    3168.364718
    0    0.675540    0.486823    0.553759
    61    4    1    54567845.605676    3.40282e+38    0.000804
    1    435337.485249    6479837.854872    3253.886790
    2    435344.713244    6479835.086024    3307.599408
    3    435203.756489    6479831.998914    3260.933759
    4    435215.692654    6479829.476904    3313.685278
    0    -0.040684    0.997551    0.056898
    62    4    1    451142.095880    3.40282e+38    0.000073
    1    434052.620998    6479148.272164    3100.324977
    2    434226.831077    6479112.136937    3076.829842
    3    434051.124616    6479103.101453    3132.786921
    4    434222.884662    6479055.071238    3118.419897
    0    0.224155    0.563825    0.794894
    63    4    1    633827.042928    3.40282e+38    0.000087
    1    435122.757200    6479787.226169    3182.940521
    2    435141.432193    6479765.679522    3243.283269
    3    434971.260032    6479807.567442    3196.001539
    4    434974.849191    6479787.109189    3260.694348
    0    0.151887    0.944789    0.290351
    64    4    1    3302053.087141    3.40282e+38    0.000198
    1    435737.376498    6479406.306907    3156.463994
    2    435870.509891    6479480.477445    3151.780087
    3    435759.345086    6479393.106656    3212.665734
    4    435894.589096    6479468.005066    3208.910888
    0    -0.443168    0.818550    0.365484
    65    4    1    68159753.082280    3.40282e+38    0.000898
    1    436288.076416    6478992.335146    3170.351722
    2    436231.529366    6478985.155140    3231.643709
    3    436341.870654    6479194.034676    3182.239710
    4    436286.479365    6479193.345447    3244.564214
    0    0.728296    -0.232239    0.644709
    66    4    1    25507816.656564    3.40282e+38    0.000550
    1    435018.260402    6479867.118092    3358.236191
    2    435004.626100    6479865.241812    3306.873719
    3    434889.952325    6479901.071851    3373.311462
    4    434883.031185    6479897.360747    3320.596819
    0    -0.243556    -0.964729    0.099894
    67    4    1    20224793.180127    3.40282e+38    0.000489
    1    434643.796473    6479877.490380    3286.191663
    2    434650.455234    6479856.990385    3351.334508
    3    434509.521494    6479974.337435    3299.099665
    4    434509.111271    6479959.706478    3361.693243
    0    0.586370    0.787922    0.188016
    68    4    1    11992732.073490    3.40282e+38    0.000377
    1    435938.341552    6478537.123161    2905.419767
    2    435899.360550    6478507.665594    2965.731214
    3    435873.489466    6478706.368011    2915.351450
    4    435838.846875    6478669.724641    2973.285160
    0    0.751821    0.252339    0.609172
    69    4    1    858578.966068    3.40282e+38    0.000101
    1    435177.491830    6477293.267967    3282.232934
    2    435171.538771    6477293.905299    3329.622972
    3    435302.510256    6477297.353218    3286.816448
    4    435287.112275    6477297.669147    3333.129391
    0    0.032015    -0.999335    0.017461
    70    4    1    17400706.144771    3.40282e+38    0.000454
    1    435830.084721    6478560.854739    3078.919121
    2    435841.422203    6478573.719427    3067.677204
    3    435908.488559    6478436.775052    3094.560265
    4    435926.832578    6478465.523669    3072.893338
    0    0.412350    0.365738    0.834388
    71    4    1    8070712.745321    3.40282e+38    0.000309
    1    436025.291357    6479398.541705    3349.416164
    2    436022.113034    6479420.503533    3248.045106
    3    435990.629275    6479638.839023    3363.963357
    4    435986.696538    6479666.033380    3266.473077
    0    -0.989755    -0.142775    0.000100
    72    4    1    12046141.904805    3.40282e+38    0.000378
    1    435112.545895    6477563.201359    2938.555795
    2    434970.785483    6477546.920955    2928.781124
    3    435098.107880    6477570.907789    2990.347337
    4    434956.082346    6477554.453161    2979.743935
    0    0.100523    -0.979639    0.173790
    73    4    1    1288880.592782    3.40282e+38    0.000124
    1    435785.484239    6480050.526120    3235.576748
    2    435809.194674    6480044.840008    3324.180344
    3    435586.978322    6480002.410813    3248.789754
    4    435594.896234    6479993.204836    3336.014792
    0    -0.226082    0.966373    0.122516
    74    4    1    75475160.004780    3.40282e+38    0.000945
    1    434151.175051    6478839.441884    3133.179542
    2    434146.292808    6478808.438664    3034.502995
    3    434075.026024    6478603.136024    3105.885062
    4    434078.737499    6478598.931058    3011.084899
    0    0.948830    -0.311646    0.050971
    75    4    1    52983474.693508    3.40282e+38    0.000792
    1    434874.415118    6478599.762240    2934.663286
    2    434890.580505    6478570.027002    2983.638886
    3    434741.878876    6478570.050714    2931.694742
    4    434757.260832    6478541.338669    2978.905783
    0    -0.193771    0.808910    0.555083
    76    5    1    15967131.328707    3.40282e+38    0.000435
    1    435767.725928    6479470.080470    3377.377410
    2    435720.393085    6479451.921671    3304.695529
    3    435756.748723    6479574.023121    3404.825371
    4    435677.624597    6479684.254186    3340.915949
    5    435728.425690    6479725.132212    3427.685110
    0    -0.786977    -0.233878    0.570937
    77    4    1    27035099.958189    3.40282e+38    0.000566
    1    436067.764828    6478218.580099    2998.714007
    2    436052.078226    6478209.568454    3029.297822
    3    436067.156032    6478306.922456    3001.577607
    4    436051.271348    6478301.321022    3032.614236
    0    0.890779    -0.008589    0.454355
    78    4    1    41123.232390    3.40282e+38    0.000022
    1    434010.208159    6478187.676352    3151.840552
    2    434006.846796    6478179.516516    3102.644871
    3    433819.766144    6478015.754470    3175.586255
    4    433813.227853    6478004.434536    3123.958902
    0    0.673358    -0.735403    0.075969
    79    4    1    77867466.071613    3.40282e+38    0.000960
    1    435214.927522    6479891.939471    3280.886753
    2    435227.763269    6479888.135458    3335.653190
    3    435063.962375    6479892.086336    3302.340275
    4    435083.606587    6479888.003563    3360.200945
    0    0.010470    0.997708    0.066846
    80    5    1    2173516.309761    3.40282e+38    0.000160
    1    435660.872819    6479609.920522    3426.804463
    2    435654.482671    6479604.682325    3390.527788
    3    435670.003343    6479618.159087    3432.395248
    4    435734.972025    6479678.144653    3388.543032
    5    435743.654054    6479685.347996    3432.530311
    0    -0.673919    0.738707    0.012045
    81    4    1    10323983.080684    3.40282e+38    0.000350
    1    433967.394463    6478540.200697    3083.835278
    2    434008.258629    6478532.453939    3178.344437
    3    433812.588514    6478338.363742    3084.042555
    4    433850.793101    6478323.623643    3184.018709
    0    -0.738342    0.566673    0.365696
    82    5    1    47360457.010398    3.40282e+38    0.000749
    1    434794.468513    6478930.771123    3190.929675
    2    434755.727693    6478903.701463    3117.825894
    3    434718.847643    6479105.186084    3177.636307
    4    434669.563765    6479101.616978    3102.214308
    5    434711.127281    6479122.673868    3176.097638
    0    -0.791267    -0.302570    0.531365
    83    4    1    43822746.935740    3.40282e+38    0.000720
    1    435222.141505    6479892.442486    3304.490770
    2    435256.492147    6479875.880559    3396.458519
    3    434993.060805    6479895.169440    3336.399088
    4    435015.490723    6479877.716266    3436.215553
    0    0.034658    0.985756    0.164574
    84    4    1    58483300.596483    3.40282e+38    0.000832
    1    434534.605428    6477132.622653    3147.247909
    2    434496.173053    6477132.274338    3202.037993
    3    434569.819786    6477281.025786    3146.363758
    4    434533.879000    6477283.228903    3198.443991
    0    0.804701    -0.187591    0.563263
    85    4    1    2854651.457580    3.40282e+38    0.000184
    1    434671.216359    6479503.342402    3052.637742
    2    434675.095690    6479482.369723    3083.407371
    3    434574.684692    6479505.172749    3074.455025
    4    434580.396516    6479485.167645    3103.292728
    0    0.139008    0.826356    0.545722
    86    5    1    41235521.040526    3.40282e+38    0.000699
    1    433718.134757    6477725.921683    3118.386367
    2    433624.644437    6477771.848409    3088.293619
    3    433726.689578    6477770.200292    3184.640682
    4    433499.207716    6477841.652729    3058.637432
    5    433517.502814    6477888.805057    3138.058192
    0    -0.505448    -0.685825    0.523609
    87    4    1    238667.150945    3.40282e+38    0.000053
    1    435378.126990    6477030.146498    3516.476707
    2    435375.029078    6477005.070312    3431.683530
    3    435207.339516    6477172.592895    3494.617835
    4    435202.811033    6477150.393073    3414.777328
    0    -0.639777    -0.730337    0.239359
    88    4    1    82963215.055833    3.40282e+38    0.000991
    1    435204.587521    6479680.272214    3176.062712
    2    435199.843835    6479622.238213    3250.621776
    3    434988.473955    6479768.055200    3180.084526
    4    434983.236665    6479705.179829    3260.914727
    0    0.311709    0.740098    0.595897
    89    4    1    83518.497614    3.40282e+38    0.000031
    1    435333.462440    6478611.255313    2936.555892
    2    435351.179039    6478641.734632    3008.651994
    3    435495.617202    6478490.846374    2949.969231
    4    435501.785261    6478529.810846    3020.963911
    0    -0.559587    -0.705072    0.435587
    90    4    1    2194834.790211    3.40282e+38    0.000161
    1    434320.058893    6479010.058024    3155.357924
    2    434336.678078    6479002.163831    3201.013804
    3    434216.052717    6478955.562939    3148.469290
    4    434227.234848    6478944.742801    3193.972097
    0    -0.457224    0.833377    0.310530
    91    4    1    83513562.932064    3.40282e+38    0.000995
    1    434884.655433    6479848.987744    3366.967764
    2    434878.260009    6479830.274348    3421.980226
    3    434751.574839    6479913.430473    3371.417618
    4    434752.787143    6479891.242697    3425.649141
    0    0.419611    0.843360    0.335664
    92    5    1    38697763.021800    3.40282e+38    0.000677
    1    435518.447820    6479406.266927    3092.503957
    2    435614.292595    6479266.337310    3032.773602
    3    435504.050821    6479386.064853    3144.514859
    4    435635.223489    6479232.656794    3022.989393
    5    435617.797838    6479200.381251    3094.110256
    0    0.829539    0.403307    0.386275
    93    4    1    136174.196315    3.40282e+38    0.000040
    1    435107.191574    6479779.403605    3293.355295
    2    435112.121052    6479776.807288    3348.080043
    3    434972.759845    6479811.919529    3316.253440
    4    434982.936326    6479807.944917    3374.404806
    0    0.238972    0.970717    0.024528
    94    4    1    4952676.454054    3.40282e+38    0.000242
    1    436565.246398    6478738.906883    3183.664330
    2    436649.701005    6478754.040274    3211.303835
    3    436637.087975    6478532.876461    3203.677264
    4    436717.872647    6478544.712485    3230.073517
    0    -0.308540    -0.015201    0.951090
    95    5    1    34543445.827026    3.40282e+38    0.000640
    1    434472.581974    6479487.427355    3324.246355
    2    434472.060927    6479487.476855    3324.398979
    3    434571.799484    6479490.880576    3271.348570
    4    434470.727471    6479508.497372    3286.121246
    5    434569.254718    6479499.643417    3256.323963
    0    0.217493    0.858722    0.463997
    96    4    1    2128134.403593    3.40282e+38    0.000159
    1    436149.365892    6479399.820737    3154.641185
    2    436164.626030    6479236.642600    3153.301867
    3    436139.371252    6479391.234775    3200.430512
    4    436156.619004    6479228.075799    3190.641893
    0    0.969539    0.088796    0.228276
    97    4    1    69797409.655802    3.40282e+38    0.000909
    1    435275.486278    6479872.639524    3246.552991
    2    435286.306163    6479846.179013    3340.645484
    3    435043.290180    6479869.253675    3280.259241
    4    435047.279248    6479843.927486    3370.908713
    0    0.024857    0.963103    0.267984
    98    4    1    16303745.909287    3.40282e+38    0.000439
    1    435703.618361    6479095.251834    3104.514564
    2    435721.902648    6479114.596305    3062.063247
    3    435769.083869    6478941.877161    3108.661461
    4    435790.937087    6478961.096372    3060.659988
    0    0.791114    0.351214    0.500786
    99    4    1    62805287.380312    3.40282e+38    0.000862
    1    435438.377206    6478920.303246    2826.510112
    2    435594.905368    6478884.520938    2840.378524
    3    435438.335426    6478885.764430    2876.870650
    4    435605.569822    6478854.342431    2881.763368
    0    0.137085    0.816845    0.560332
    100    4    1    21010701.673316    3.40282e+38    0.000499
    1    435211.170050    6479701.399511    3092.228091
    2    435448.510440    6479725.898411    3160.239727
    3    435222.172877    6479700.799286    3148.123231
    4    435452.998321    6479724.257573    3225.452322
    0    -0.111886    0.993183    0.032690
    101    4    1    2277968.460000    3.40282e+38    0.000164
    1    435912.808332    6477882.747261    3275.780968
    2    435936.637229    6477875.601823    3197.887218
    3    435761.368895    6477696.434150    3172.382158
    4    435771.973101    6477692.053916    3134.618209
    0    0.669265    -0.692892    0.268300
    102    4    1    51518390.892715    3.40282e+38    0.000781
    1    435319.053606    6479572.134401    3176.689358
    2    435323.351572    6479546.847062    3269.758174
    3    435151.857719    6479717.572324    3189.381967
    4    435146.682351    6479700.880512    3281.631323
    0    0.654065    0.737074    0.170062
    103    4    1    1868.031538    3.40282e+38    0.000005
    1    434117.997200    6477676.678657    3002.483278
    2    434126.585114    6477724.662705    3057.279606
    3    434256.435223    6477578.784638    2986.742043
    4    434270.510733    6477624.463042    3042.539200
    0    -0.393966    -0.659993    0.639687
    104    4    1    53607481.177450    3.40282e+38    0.000797
    1    435236.544250    6479392.054771    3112.680614
    2    435244.283699    6479393.451410    3156.756424
    3    435137.306549    6479350.088846    3125.947457
    4    435147.472973    6479352.413686    3172.058039
    0    -0.384848    0.922183    0.038356
    105    4    1    7292360.361371    3.40282e+38    0.000294
    1    433972.211473    6477201.208814    3189.690996
    2    433998.284329    6477177.431928    3245.242444
    3    433843.612885    6477119.453004    3190.548936
    4    433867.895118    6477095.630753    3244.602918
    0    -0.455036    0.721234    0.522269
    106    5    1    1444022.159686    3.40282e+38    0.000131
    1    435948.262369    6478869.406308    2985.755863
    2    435934.219025    6478824.253768    2969.380546
    3    435921.619165    6478871.239290    3032.331642
    4    435906.537669    6478745.797104    2946.460157
    5    435877.150671    6478742.318167    2992.951234
    0    0.783741    -0.412237    0.464554
    107    4    1    4045842.457862    3.40282e+38    0.000219
    1    435552.505478    6479234.789492    3093.792189
    2    435548.635495    6479227.371034    3138.967595
    3    435493.789630    6479337.344426    3103.609742
    4    435494.391826    6479322.675142    3146.277268
    0    0.863874    0.479965    0.152822
    108    4    1    17126032.380125    3.40282e+38    0.000450
    1    435245.302767    6477561.842910    3058.962750
    2    435246.400984    6477558.651118    3019.549217
    3    435173.632526    6477639.131130    3017.557396
    4    435174.580939    6477636.887022    2993.740207
    0    -0.741745    -0.669841    0.033577
    109    4    1    5031400.467420    3.40282e+38    0.000244
    1    435836.226280    6478880.846372    2961.688363
    2    435808.626920    6478884.112274    2986.477121
    3    435863.460784    6478978.853659    2971.151438
    4    435832.015142    6478982.788309    2999.466372
    0    0.631300    -0.246428    0.735345
    110    4    1    46437230.883758    3.40282e+38    0.000742
    1    434280.095252    6478876.879126    3012.512918
    2    434310.075662    6478863.207225    3103.609533
    3    434108.605824    6478700.834623    3023.098304
    4    434149.751644    6478697.131065    3116.629095
    0    -0.668753    0.670736    0.320755
    111    4    1    43074070.587756    3.40282e+38    0.000714
    1    435514.802381    6479949.480186    3251.548107
    2    435529.923822    6479936.534461    3345.385524
    3    435275.174356    6479894.195635    3253.028893
    4    435292.486841    6479881.395573    3348.909398
    0    -0.220619    0.960765    0.168098
    112    4    1    6740909.618055    3.40282e+38    0.000283
    1    434530.213373    6478642.809434    3083.759884
    2    434499.141177    6478628.383742    3165.744339
    3    434529.083388    6478863.852431    3105.551810
    4    434499.445136    6478851.814076    3183.898938
    0    0.936401    -0.029686    0.349674
    113    4    1    3739523.886265    3.40282e+38    0.000210
    1    436067.337158    6479049.227880    3162.072315
    2    436062.831382    6479021.595839    3219.069523
    3    435923.462418    6479117.969160    3174.568045
    4    435927.996422    6479085.950200    3230.909068
    0    0.420351    0.802986    0.422515
    114    4    1    38201108.567026    3.40282e+38    0.000673
    1    434698.693596    6478450.372353    2877.190707
    2    434861.010816    6478484.524749    2866.399171
    3    434710.559673    6478435.276038    2919.973667
    4    434875.187248    6478465.195635    2920.715662
    0    -0.167797    0.914119    0.369094
    115    4    1    30433402.521405    3.40282e+38    0.000600
    1    434503.534013    6477901.192265    2895.824173
    2    434472.042860    6477877.464708    2968.348399
    3    434444.643306    6478093.129017    2915.494831
    4    434414.598182    6478073.726774    2983.101077
    0    0.866467    0.219920    0.448184
    116    5    1    65477452.626959    3.40282e+38    0.000881
    1    434181.475764    6478675.180085    2973.604085
    2    434175.538258    6478798.313178    2992.049164
    3    434186.865092    6478626.269648    2969.122534
    4    434214.167007    6478816.096793    3031.779738
    5    434236.276268    6478640.695769    3018.319881
    0    -0.677597    -0.140802    0.721829
    117    4    1    3916240.070560    3.40282e+38    0.000215
    1    434730.556351    6479751.391968    3212.824650
    2    434731.388900    6479734.474043    3286.116893
    3    434565.821811    6479871.996011    3231.672626
    4    434577.142005    6479846.985649    3305.629330
    0    0.594582    0.784888    0.174420
    118    4    1    1523900.481606    3.40282e+38    0.000134
    1    435393.346138    6478680.651446    2941.170566
    2    435389.913327    6478707.311215    2992.020744
    3    435535.588475    6478634.357867    2951.157088
    4    435532.348349    6478661.897062    3003.905295
    0    -0.306932    -0.851275    0.425587
    119    4    1    26325875.839834    3.40282e+38    0.000558
    1    434556.826513    6479596.666915    3344.220629
    2    434547.861331    6479599.858624    3302.338267
    3    434712.491845    6479665.183195    3331.548905
    4    434703.742229    6479668.061891    3292.084117
    0    -0.387746    0.909101    0.152279
    120    5    1    82360251.979162    3.40282e+38    0.000988
    1    434753.354402    6479567.654588    3054.658122
    2    434835.674067    6479582.324201    3088.888135
    3    434614.781183    6479479.484074    3055.009766
    4    434857.360378    6479563.126174    3118.968749
    5    434664.061291    6479435.804861    3123.414002
    0    -0.392863    0.620151    0.679023
    121    5    1    15760360.754069    3.40282e+38    0.000432
    1    434552.151567    6478545.398101    3103.616730
    2    434441.285101    6478677.757677    3137.837007
    3    434560.501418    6478535.895421    3094.661213
    4    434432.099391    6478694.760956    3058.030312
    5    434548.904137    6478555.083747    3025.100138
    0    0.771646    0.634362    0.046339
    122    4    1    12117304.002878    3.40282e+38    0.000379
    1    435709.043146    6479437.971392    3155.937453
    2    435860.031106    6479552.462235    3155.263778
    3    435718.195466    6479440.440119    3200.715206
    4    435869.445073    6479554.819643    3203.144891
    0    -0.602088    0.794486    0.079261
    123    4    1    317436.673174    3.40282e+38    0.000061
    1    435405.784050    6479854.616521    3313.142685
    2    435418.238957    6479844.347995    3368.969718
    3    435262.202538    6479856.962610    3317.578611
    4    435273.849581    6479846.129471    3376.657620
    0    0.021524    0.984117    0.176211
    124    4    1    6921138.476592    3.40282e+38    0.000286
    1    434542.401371    6477003.541121    3097.596799
    2    434488.583534    6476888.305302    3089.733249
    3    434522.445488    6477010.852055    3121.124242
    4    434465.244127    6476894.695463    3116.108179
    0    0.656888    -0.352272    0.666635
    125    4    1    44469654.352864    3.40282e+38    0.000726
    1    433830.303020    6478386.535811    3052.029236
    2    433853.516547    6478403.728465    3148.898714
    3    433686.536648    6478191.776180    3041.762307
    4    433699.690344    6478194.251210    3145.191337
    0    -0.803628    0.588572    0.088118
    126    4    1    4202363.839995    3.40282e+38    0.000223
    1    434936.894896    6479856.619465    3307.977007
    2    434925.605163    6479846.023778    3257.026603
    3    434844.122179    6479800.499119    3282.395851
    4    434837.612980    6479792.794604    3232.754942
    0    0.502633    -0.861833    0.067853
    127    6    1    10489581.476101    3.40282e+38    0.000352
    1    434428.217637    6478870.178660    2982.126363
    2    434480.587594    6478721.516359    2978.686865
    3    434402.913973    6478927.560687    2987.441599
    4    434428.965681    6478682.025653    3029.119420
    5    434370.347843    6478960.198113    3004.704346
    6    434321.871812    6478929.163603    3050.533708
    0    0.604882    0.195223    0.772014
    128    4    1    15222129.521107    3.40282e+38    0.000425
    1    435823.448939    6477995.972428    3020.012787
    2    435801.695748    6478006.982721    3062.486383
    3    435918.663090    6478056.429651    3026.436793
    4    435899.626237    6478069.720863    3070.078160
    0    0.461117    -0.772588    0.436440
    129    4    1    12221242.578827    3.40282e+38    0.000380
    1    434005.824592    6477440.320205    3360.297112
    2    434005.811428    6477440.032775    3359.463872
    3    433783.700126    6477606.263245    3419.387595
    4    433783.456798    6477581.982960    3350.596180
    0    -0.523805    -0.802688    0.285166
    130    4    1    52549964.537891    3.40282e+38    0.000789
    1    435348.001029    6478837.666013    2813.665997
    2    435555.263779    6478794.487685    2828.916957
    3    435359.977873    6478796.166850    2872.838277
    4    435561.470456    6478760.363596    2878.439204
    0    0.131080    0.823934    0.551317
    131    5    1    70327404.088853    3.40282e+38    0.000913
    1    436116.146428    6478467.131949    3160.939201
    2    436140.380847    6478490.248206    3112.387652
    3    436206.867994    6478252.915484    3188.463761
    4    436248.973572    6478274.048855    3117.350497
    5    436214.517486    6478237.845659    3188.702229
    0    0.739832    0.384280    0.552248
    132    4    1    33602824.725131    3.40282e+38    0.000631
    1    434906.090808    6479011.518444    2990.273277
    2    434910.084191    6479000.410546    2918.720919
    3    434917.901485    6478838.672430    3015.757635
    4    434921.832349    6478829.496307    2942.348175
    0    0.996244    0.074565    0.044025
    133    4    1    19245110.332818    3.40282e+38    0.000477
    1    434456.005489    6477463.652834    3173.195228
    2    434467.987115    6477443.717401    3138.474198
    3    434237.775393    6477468.218899    3248.961496
    4    434272.483017    6477428.347680    3176.137619
    0    0.167990    -0.828752    0.533807
    134    4    1    27482946.236525    3.40282e+38    0.000571
    1    436035.462022    6478289.270304    2984.529382
    2    436005.780301    6478272.838389    3027.287307
    3    436037.502171    6478415.612961    2993.498076
    4    436006.208741    6478403.498619    3039.073191
    0    0.829722    -0.052843    0.555669
    135    4    1    32869859.181847    3.40282e+38    0.000624
    1    434051.089297    6478180.728050    3104.607720
    2    434050.705225    6478173.210979    3068.764229
    3    433985.078645    6478110.465728    3115.272630
    4    433981.693386    6478099.172882    3076.977807
    0    0.732351    -0.667964    0.132237
    136    4    1    47394965.162180    3.40282e+38    0.000749
    1    435089.912311    6479704.801641    3241.126263
    2    435074.679675    6479702.629724    3174.012867
    3    434917.861540    6479701.408988    3253.286307
    4    434894.615552    6479698.996385    3183.727130
    0    0.021645    -0.999389    0.027429
    137    4    1    68656670.643706    3.40282e+38    0.000902
    1    435114.434897    6478852.486131    3093.942922
    2    435102.815768    6478843.335116    3044.895307
    3    435177.967015    6479034.888512    3081.074302
    4    435165.003982    6479025.428861    3024.761628
    0    -0.929041    0.334713    0.157636
    138    4    1    13832328.591595    3.40282e+38    0.000405
    1    436106.946111    6478239.559516    2934.117402
    2    435976.858097    6478073.132748    2926.332781
    3    436085.565342    6478249.358049    2965.117398
    4    435959.243233    6478075.139595    2946.602283
    0    0.621783    -0.513672    0.591208
    139    4    1    10461397.746874    3.40282e+38    0.000352
    1    435852.909410    6479423.586716    3156.093878
    2    435938.118930    6479646.055332    3162.466453
    3    435872.570198    6479428.473510    3208.907543
    4    435955.559833    6479650.093898    3209.644698
    0    -0.893198    0.333470    0.301653
    140    4    1    217424.321702    3.40282e+38    0.000051
    1    435080.034175    6479391.755517    3086.681727
    2    435115.935247    6479333.422952    3169.442313
    3    434822.426377    6479354.052616    3109.940795
    4    434851.435352    6479295.427565    3192.354957
    0    -0.063876    0.802444    0.593299
    141    4    1    16191499.585415    3.40282e+38    0.000438
    1    435735.510252    6479063.203832    3008.775461
    2    435705.412671    6479054.428104    3045.860049
    3    435694.702613    6479186.543745    3016.000475
    4    435669.680869    6479166.389244    3050.924747
    0    0.735517    0.205533    0.645578
    142    5    1    17463402.273968    3.40282e+38    0.000455
    1    435383.652454    6479568.838561    3344.257703
    2    435286.607960    6479678.441146    3319.835164
    3    435424.107338    6479526.594234    3340.221904
    4    435279.321221    6479707.966624    3230.134325
    5    435422.461840    6479546.085636    3267.053685
    0    0.720283    0.674163    0.163393
    143    4    1    2506606.171425    3.40282e+38    0.000172
    1    434026.231885    6477704.897126    2970.975745
    2    433912.593841    6477845.898877    2956.386126
    3    434026.749292    6477715.482808    3030.137285
    4    433916.791936    6477853.577279    3024.755830
    0    -0.779142    -0.615831    0.117004
    144    5    1    36249953.892703    3.40282e+38    0.000655
    1    434455.710698    6477487.169287    3146.697446
    2    434469.098409    6477462.654471    3082.900498
    3    434246.217054    6477517.943371    3192.226498
    4    434265.854477    6477485.824351    3109.016577
    5    434240.602368    6477518.529917    3192.803417
    0    -0.062161    -0.935949    0.346606
    145    4    1    71754262.728275    3.40282e+38    0.000922
    1    435939.256946    6478483.671252    2904.156128
    2    435883.411553    6478460.353851    2949.189083
    3    435903.297743    6478658.605794    2918.999189
    4    435850.817521    6478641.793973    2960.938455
    0    0.611647    0.058788    0.788943
    146    4    1    52701951.748028    3.40282e+38    0.000790
    1    435631.573638    6479941.729550    3171.518936
    2    435810.338482    6479978.949695    3180.823092
    3    435643.890138    6479935.248794    3224.334332
    4    435820.612812    6479974.700311    3218.208540
    0    -0.209297    0.963481    0.167033
    147    5    1    76125242.374144    3.40282e+38    0.000950
    1    436193.008569    6478127.181002    3191.968145
    2    436289.781657    6478148.002194    3215.115230
    3    436103.351209    6478096.044563    3155.248745
    4    436302.059524    6478103.777995    3157.623975
    5    436120.055535    6478064.972756    3114.546740
    0    0.023421    -0.789982    0.612682
    148    4    1    71750197.067434    3.40282e+38    0.000922
    1    434915.028624    6479751.096008    3117.178095
    2    435078.266773    6479747.597590    3103.156991
    3    434920.345344    6479741.868733    3165.519044
    4    435082.027550    6479737.389495    3157.061969
    0    0.036811    0.982338    0.183459
    149    4    1    73433522.069720    3.40282e+38    0.000933
    1    434600.996581    6478708.367239    3100.980358
    2    434591.866902    6478695.749377    3138.984346
    3    434563.003432    6478808.167508    3109.237485
    4    434554.337559    6478795.194821    3146.290854
    0    0.894197    0.314015    0.319070
    150    4    1    36861501.837086    3.40282e+38    0.000661
    1    435124.386865    6479756.234571    3357.696112
    2    435135.974823    6479807.172076    3302.283732
    3    435313.258018    6479651.244232    3332.379235
    4    435320.556054    6479704.346192    3277.748620
    0    0.431391    0.617432    0.657784
    151    5    1    20973870.995983    3.40282e+38    0.000498
    1    434312.164772    6477512.159341    3178.423307
    2    434380.708474    6477438.457628    3212.282558
    3    434230.833533    6477588.475912    3122.436216
    4    434365.493302    6477402.361368    3130.281301
    5    434217.864123    6477560.925873    3057.108323
    0    -0.758396    -0.532904    0.375299
    152    4    1    33606200.956834    3.40282e+38    0.000631
    1    435326.098833    6478566.692945    2830.409771
    2    435231.252345    6478759.129277    2837.103601
    3    435341.477371    6478587.133843    2910.469251
    4    435241.323482    6478785.794057    2910.397115
    0    -0.858458    -0.432689    0.275375
    153    4    1    79529794.331575    3.40282e+38    0.000971
    1    435981.671949    6477807.254143    3259.906906
    2    435962.094072    6477801.938078    3299.030813
    3    435999.449201    6477903.734251    3252.441973
    4    435980.928343    6477895.969324    3288.615941
    0    0.893556    -0.131430    0.429283
    154    4    1    275971.392665    3.40282e+38    0.000057
    1    434137.706306    6478797.972969    3023.885861
    2    434193.217589    6478824.979109    3110.305424
    3    434121.848260    6478541.122711    3006.734091
    4    434176.880815    6478557.884331    3092.711209
    0    -0.843563    0.016237    0.536785
    155    4    1    73219.520263    3.40282e+38    0.000029
    1    434978.434124    6479283.329399    2958.787593
    2    435134.386570    6479287.458691    2965.375183
    3    434993.177024    6479240.917143    3010.830773
    4    435141.815521    6479246.820230    3014.745837
    0    -0.047321    0.767711    0.639046
    156    4    1    8534244.637193    3.40282e+38    0.000318
    1    433972.392812    6477744.426613    2997.474891
    2    433985.146458    6477801.776053    3077.278625
    3    434192.939868    6477647.317533    2986.307320
    4    434187.846934    6477710.304310    3064.177382
    0    -0.300905    -0.750987    0.587771
    157    4    1    31482252.575777    3.40282e+38    0.000611
    1    436360.896976    6478127.212547    3262.322777
    2    436363.701083    6478073.464790    3221.621262
    3    436146.079462    6478069.238482    3199.348952
    4    436148.990710    6478049.548766    3184.603482
    0    -0.069473    -0.604545    0.793536
    158    5    1    35747639.328736    3.40282e+38    0.000651
    1    434509.467385    6477006.948003    3252.742203
    2    434470.054370    6477027.099929    3201.972384
    3    434525.638620    6477007.046480    3268.372309
    4    434583.432299    6477081.059286    3278.444353
    5    434633.887522    6477057.830989    3341.840957
    0    -0.635964    0.407407    0.655415
    159    5    1    1187432.373518    3.40282e+38    0.000119
    1    435076.045210    6477885.805345    2880.100872
    2    434954.326776    6477770.572509    2885.447858
    3    435065.518742    6477889.610102    2914.038625
    4    434934.162971    6477771.568623    2935.161016
    5    435029.364030    6477859.300308    2925.152558
    0    0.665762    -0.690061    0.283862
    160    4    1    30189846.825947    3.40282e+38    0.000598
    1    434623.906658    6479959.324547    3323.970219
    2    434613.859616    6479926.945195    3367.036507
    3    434510.691817    6480042.144940    3331.725968
    4    434500.016734    6480006.577726    3378.725758
    0    0.502065    0.630928    0.591491
    161    4    1    29005714.563406    3.40282e+38    0.000586
    1    434736.948401    6479664.760908    3304.662719
    2    434741.345863    6479647.079996    3245.277336
    3    434597.823917    6479590.337093    3303.711550
    4    434601.964661    6479571.470347    3241.214722
    0    0.450582    -0.845943    0.285230
    162    4    1    43155917.717315    3.40282e+38    0.000715
    1    435708.433475    6479314.030451    3351.144752
    2    435647.360104    6479327.622172    3333.173781
    3    435730.468124    6479334.351518    3361.609241
    4    435676.949084    6479346.981882    3345.974747
    0    -0.309384    -0.148234    0.939313
    163    4    1    69169760.170050    3.40282e+38    0.000905
    1    435308.961556    6478793.328601    2933.681965
    2    435344.346619    6478819.195517    2978.560388
    3    435371.493527    6478640.633083    2937.844695
    4    435407.054431    6478674.872402    2986.068458
    0    -0.679891    -0.259734    0.685775
    164    4    1    57382004.232116    3.40282e+38    0.000824
    1    433718.940846    6477805.726984    3025.228919
    2    433696.046963    6477848.592297    3008.766894
    3    433746.120345    6477884.134653    3006.093158
    4    433720.743925    6477919.720910    2991.414089
    0    -0.150540    0.283336    0.947132
    165    4    1    6670603.720843    3.40282e+38    0.000281
    1    435795.080895    6477436.726900    3191.996005
    2    435790.023591    6477423.834966    3266.551867
    3    435854.639320    6477605.077036    3188.874236
    4    435849.936774    6477593.243773    3266.370765
    0    0.942761    -0.333410    0.006298
    166    4    1    945263.601887    3.40282e+38    0.000106
    1    435118.684549    6478386.873957    2970.241709
    2    435099.122720    6478395.920023    3008.075976
    3    435194.337275    6478459.657333    2989.258505
    4    435178.563346    6478472.000732    3027.512726
    0    0.555878    -0.696391    0.453916
    167    4    1    46516271.366560    3.40282e+38    0.000742
    1    434000.793182    6477550.675793    3146.431044
    2    433848.951623    6477712.988608    3053.646585
    3    434009.868552    6477571.649965    3186.372853
    4    433863.070090    6477744.003687    3113.973637
    0    -0.769399    -0.476726    0.425156
    168    4    1    71853627.991921    3.40282e+38    0.000922
    1    435135.369216    6477603.418731    3028.383152
    2    435153.425843    6477579.539252    2979.354388
    3    434903.576827    6477587.043230    3035.504055
    4    434916.124187    6477551.734357    2965.370068
    0    0.076631    -0.884992    0.459258
    169    4    1    29470487.589920    3.40282e+38    0.000591
    1    434283.080324    6477575.362157    3031.523623
    2    434275.697968    6477582.660820    3097.180695
    3    434395.652071    6477474.379239    3084.481069
    4    434395.579877    6477475.111136    3152.641008
    0    -0.669626    -0.742663    0.007265
    170    5    1    69556866.441439    3.40282e+38    0.000908
    1    435897.147333    6477576.465093    3196.757635
    2    435847.469555    6477414.094509    3182.760668
    3    435845.700545    6477583.022555    3273.688091
    4    435823.103194    6477341.114609    3179.380998
    5    435762.058330    6477330.274974    3260.919736
    0    0.784676    -0.287421    0.549247
    171    4    1    13544.510878    3.40282e+38    0.000013
    1    435694.099068    6479175.851964    3110.182155
    2    435720.044385    6479188.210471    3085.712355
    3    435746.411987    6479012.419797    3109.326868
    4    435772.588111    6479037.783745    3081.320003
    0    0.622122    0.195167    0.758205
    172    4    1    47109928.068297    3.40282e+38    0.000747
    1    434581.056762    6479592.374486    3286.304913
    2    434572.332260    6479565.768384    3215.477842
    3    434429.061299    6479495.697113    3304.342194
    4    434423.028399    6479471.796036    3236.584671
    0    0.541294    -0.806907    0.236437
    173    5    1    33505438.163120    3.40282e+38    0.000630
    1    434466.275686    6477467.239304    3166.880650
    2    434479.646287    6477457.554342    3137.885179
    3    434402.601809    6477455.215703    3202.960245
    4    434363.877006    6477418.402380    3173.150212
    5    434343.167662    6477434.740255    3220.406139
    0    0.406303    -0.793823    0.452507
    174    4    1    59906752.439730    3.40282e+38    0.000842
    1    434988.474058    6479841.594258    3193.726748
    2    435109.779191    6479820.877838    3182.637849
    3    434986.463214    6479813.929477    3224.380315
    4    435108.555847    6479791.857907    3214.547370
    0    0.184378    0.723597    0.665140
    175    4    1    9598214.837248    3.40282e+38    0.000337
    1    434050.926649    6478183.306704    3152.227025
    2    434041.640069    6478195.261687    3117.350838
    3    434150.218084    6478219.127969    3140.888708
    4    434141.158892    6478229.273114    3110.428647
    0    -0.276019    0.884293    0.376617
    176    4    1    54459417.096630    3.40282e+38    0.000803
    1    434285.831820    6479040.018281    3083.749178
    2    434279.662246    6479018.329840    3137.374394
    3    434175.964317    6479137.102282    3129.525622
    4    434175.164777    6479109.997463    3182.175972
    0    0.698402    0.631962    0.335945
    177    4    1    5093890.750797    3.40282e+38    0.000246
    1    433790.071262    6478170.490934    2999.469060
    2    433828.380744    6478169.260561    3068.345028
    3    433675.464807    6478012.465145    3009.957671
    4    433711.866345    6478004.596197    3084.375000
    0    -0.724147    0.552568    0.412649
    178    4    1    19242.964062    3.40282e+38    0.000015
    1    434429.023738    6476974.396876    3149.274976
    2    434414.529217    6476970.125395    3181.622577
    3    434458.616734    6477057.093636    3165.601488
    4    434443.405159    6477050.703850    3197.425976
    0    0.863286    -0.375507    0.337241
    179    4    1    67409039.309246    3.40282e+38    0.000893
    1    434550.866298    6478660.759423    3019.901848
    2    434551.721454    6478651.695220    3058.766565
    3    434505.203573    6478739.749867    3027.041053
    4    434504.294005    6478734.179590    3063.913275
    0    0.865505    0.491687    0.095629
    180    4    1    38992603.355032    3.40282e+38    0.000680
    1    435034.135639    6479849.191827    3241.378835
    2    435041.112414    6479813.703495    3320.387581
    3    434823.993865    6479884.993072    3275.380973
    4    434824.524733    6479851.362497    3353.658011
    0    0.215134    0.897805    0.384270
    181    4    1    55587636.333708    3.40282e+38    0.000811
    1    434628.146814    6477094.994789    3183.306831
    2    434595.320861    6477064.069368    3274.270703
    3    434585.924007    6477312.940477    3144.935915
    4    434550.019319    6477285.626498    3240.505404
    0    0.883571    0.241783    0.401053
    182    4    1    1039333.497985    3.40282e+38    0.000111
    1    434628.254381    6478625.901055    3034.697509
    2    434594.823031    6478586.253521    3123.376768
    3    434482.955879    6478827.975595    3051.696546
    4    434450.006070    6478788.440255    3139.550042
    0    0.727026    0.481587    0.489395
    183    4    1    268526.770446    3.40282e+38    0.000056
    1    435842.014111    6478628.859942    2974.943526
    2    435821.516813    6478633.938837    3022.339323
    3    435934.037702    6478709.623162    2998.536168
    4    435914.599592    6478714.800018    3044.305416
    0    0.574001    -0.750025    0.328611
    184    4    1    81037.243078    3.40282e+38    0.000031
    1    434177.474867    6478893.904505    3034.418316
    2    434209.533285    6478890.404078    3126.769936
    3    434080.557449    6478652.301324    3028.326330
    4    434117.783708    6478663.602655    3118.924671
    0    -0.882260    0.345860    0.319372
    185    4    1    6383240.521322    3.40282e+38    0.000275
    1    435559.096186    6479989.484444    3248.720720
    2    435590.071043    6479988.717630    3326.274863
    3    435383.909210    6479900.076523    3248.602194
    4    435401.984557    6479893.600474    3322.058720
    0    -0.446656    0.874936    0.187044
    186    4    1    33631493.791384    3.40282e+38    0.000631
    1    435999.856158    6478870.691216    3092.662231
    2    435959.605895    6478849.791380    3156.953310
    3    435990.630611    6479047.168524    3114.074040
    4    435950.834729    6479044.741465    3178.310998
    0    0.850255    -0.019373    0.526015
    187    4    1    529340.837872    3.40282e+38    0.000079
    1    434884.782693    6479790.690857    3253.718858
    2    434910.699723    6479800.794815    3354.231514
    3    434684.276344    6479693.578290    3219.710433
    4    434703.368274    6479700.382847    3318.820344
    0    -0.438927    0.898231    0.022883
    188    4    1    17594183.952339    3.40282e+38    0.000456
    1    434362.531202    6479113.049416    3092.352886
    2    434383.596995    6479084.207882    3132.420053
    3    434233.577213    6479051.034715    3101.507442
    4    434252.666691    6479017.944715    3145.232173
    0    -0.289323    0.698276    0.654754
    189    4    1    69952655.093416    3.40282e+38    0.000910
    1    436130.644097    6478389.913768    3022.014901
    2    436114.959227    6478381.500856    3054.788788
    3    436117.914194    6478488.654445    3026.105185
    4    436100.027890    6478478.839161    3063.526265
    0    0.888063    0.095866    0.449616
    190    4    1    5508934.593333    3.40282e+38    0.000255
    1    434566.387399    6477047.150586    3192.141280
    2    434538.768618    6477046.797215    3245.171645
    3    434602.114036    6477194.158544    3203.492314
    4    434572.132541    6477190.773352    3259.421803
    0    0.860847    -0.243700    0.446714
    191    4    1    218854.900027    3.40282e+38    0.000051
    1    434081.529396    6479278.101507    3347.480121
    2    434091.242947    6479294.922277    3311.014030
    3    434203.336881    6479170.676509    3319.733554
    4    434208.174869    6479189.942669    3286.880202
    0    0.645059    0.613901    0.455001
    192    4    1    1328345.129108    3.40282e+38    0.000125
    1    435876.840960    6479584.503135    3269.625182
    2    435882.532004    6479591.116331    3221.405771
    3    435960.751274    6479678.657433    3270.174832
    4    435971.037625    6479690.440916    3219.019768
    0    -0.746557    0.665314    0.003135
    193    4    1    50169229.872945    3.40282e+38    0.000771
    1    435935.233965    6478572.997532    2910.349362
    2    435767.900287    6478510.719041    2859.556247
    3    435928.223310    6478597.046802    2932.190537
    4    435757.365938    6478542.813189    2888.740300
    0    0.023115    -0.668425    0.743420
    194    4    1    72477811.095322    3.40282e+38    0.000926
    1    435427.271247    6479584.765675    3224.394427
    2    435398.986561    6479540.389730    3307.797620
    3    435280.920934    6479773.893471    3175.348181
    4    435263.778788    6479713.000842    3264.915540
    0    0.602135    0.601956    0.524483
    195    4    1    57325799.481850    3.40282e+38    0.000824
    1    434368.402381    6478427.904016    2965.392251
    2    434375.809144    6478407.340034    3008.357656
    3    434244.321041    6478418.147379    2979.277150
    4    434249.189189    6478396.533363    3024.287853
    0    -0.022146    0.900296    0.434715
    196    4    1    19073093.797786    3.40282e+38    0.000475
    1    434682.355006    6479139.501131    3205.578599
    2    434666.098125    6479159.940493    3147.046938
    3    434858.368808    6479178.645906    3170.433965
    4    434840.073049    6479193.300186    3126.002146
    0    -0.133583    0.923499    0.359590
    197    4    1    6774909.862605    3.40282e+38    0.000283
    1    435471.873489    6478788.429162    2838.439595
    2    435446.541018    6478763.123719    2881.961802
    3    435409.792506    6478906.562816    2845.545146
    4    435386.489261    6478883.123804    2885.669827
    0    0.714264    0.338511    0.612566
    198    4    1    49196108.723227    3.40282e+38    0.000763
    1    435167.349017    6477251.754738    3300.401461
    2    435149.683952    6477269.562960    3346.895176
    3    435285.989406    6477266.836009    3304.587131
    4    435276.306095    6477285.814347    3351.727786
    0    0.102603    -0.915270    0.389554
    199    4    1    1964631.996393    3.40282e+38    0.000153
    1    434542.283418    6478808.737449    3109.364255
    2    434544.902667    6478776.647031    3195.737807
    3    434414.765918    6478971.310697    3105.067458
    4    434420.334377    6478936.391429    3188.745978
    0    0.767927    0.607690    0.202488
    200    4    1    60873718.008035    3.40282e+38    0.000849
    1    435175.876029    6477234.855740    3345.977322
    2    435167.280503    6477252.050519    3412.805706
    3    435319.813744    6477157.728702    3368.390451
    4    435310.777451    6477175.038789    3434.495709
    0    -0.485409    -0.859749    0.158778
END FRACTURE

BEGIN TESSFRACTURE
END TESSFRACTURE

BEGIN ROCKBLOCK
END ROCKBLOCK
